
#################################################################
# Summary Statistics
#################################################################

DIC = 22.29415

                           Mean    SD  2.5%    5%   25%   50%   75%   95% 97.5%
Epsilon.1                 0.156 0.126 0.037 0.046 0.084 0.125 0.189 0.346 0.438
Epsilon.2                 0.084 0.052 0.024 0.029 0.050 0.070 0.103 0.179 0.221
p.Heterocloeon.Biofilm    0.808 0.107 0.574 0.615 0.741 0.821 0.891 0.959 0.971
p.Lednia.Biofilm          0.933 0.050 0.811 0.836 0.908 0.945 0.971 0.991 0.994
p.Midges.Biofilm          0.822 0.082 0.649 0.685 0.770 0.825 0.880 0.955 0.971
p.Zapada.Biofilm          0.919 0.067 0.750 0.786 0.888 0.935 0.968 0.990 0.993
p.Heterocloeon.CPOM/Plant 0.078 0.074 0.002 0.004 0.023 0.056 0.111 0.231 0.270
p.Lednia.CPOM/Plant       0.030 0.033 0.001 0.001 0.007 0.018 0.043 0.100 0.124
p.Midges.CPOM/Plant       0.071 0.067 0.001 0.002 0.017 0.051 0.108 0.205 0.237
p.Zapada.CPOM/Plant       0.034 0.039 0.001 0.001 0.007 0.020 0.046 0.113 0.143
p.Heterocloeon.Hydrurus   0.114 0.098 0.003 0.007 0.037 0.089 0.165 0.309 0.368
p.Lednia.Hydrurus         0.037 0.038 0.001 0.002 0.010 0.024 0.051 0.112 0.141
p.Midges.Hydrurus         0.106 0.084 0.002 0.004 0.034 0.093 0.161 0.263 0.297
p.Zapada.Hydrurus         0.048 0.055 0.001 0.002 0.011 0.030 0.064 0.154 0.194
