
#################################################################
# Summary Statistics
#################################################################

DIC = 103.535

                         Mean    SD  2.5%    5%   25%   50%   75%   95% 97.5%
Epsilon.1               0.531 0.246 0.157 0.203 0.367 0.496 0.652 0.981 1.131
Epsilon.2               0.409 0.210 0.128 0.155 0.265 0.365 0.499 0.817 0.936
p.Allomyia.Biofilm      0.685 0.111 0.462 0.502 0.609 0.688 0.766 0.865 0.894
p.Homophylax.Biofilm    0.815 0.130 0.494 0.573 0.746 0.842 0.914 0.970 0.979
p.Lednia.Biofilm        0.898 0.076 0.696 0.746 0.864 0.916 0.953 0.983 0.988
p.Midges.Biofilm        0.444 0.108 0.270 0.294 0.373 0.433 0.500 0.629 0.691
p.Tipula.Biofilm        0.403 0.252 0.067 0.091 0.204 0.334 0.574 0.892 0.935
p.Zapada.Biofilm        0.769 0.096 0.582 0.609 0.705 0.768 0.837 0.928 0.950
p.Allomyia.CPOM/Plant   0.109 0.078 0.005 0.010 0.050 0.094 0.153 0.259 0.293
p.Homophylax.CPOM/Plant 0.091 0.109 0.002 0.003 0.018 0.049 0.122 0.309 0.382
p.Lednia.CPOM/Plant     0.058 0.067 0.001 0.002 0.012 0.032 0.078 0.203 0.249
p.Midges.CPOM/Plant     0.083 0.063 0.003 0.006 0.032 0.071 0.123 0.203 0.230
p.Tipula.CPOM/Plant     0.277 0.209 0.003 0.005 0.073 0.270 0.436 0.625 0.686
p.Zapada.CPOM/Plant     0.095 0.082 0.002 0.004 0.029 0.073 0.145 0.255 0.291
p.Allomyia.Hydrurus     0.206 0.096 0.045 0.061 0.135 0.198 0.267 0.376 0.404
p.Homophylax.Hydrurus   0.094 0.075 0.006 0.010 0.036 0.075 0.133 0.242 0.281
p.Lednia.Hydrurus       0.045 0.036 0.004 0.006 0.019 0.036 0.062 0.113 0.137
p.Midges.Hydrurus       0.472 0.098 0.235 0.307 0.419 0.484 0.536 0.607 0.629
p.Tipula.Hydrurus       0.320 0.201 0.019 0.033 0.148 0.311 0.456 0.684 0.743
p.Zapada.Hydrurus       0.135 0.075 0.012 0.022 0.077 0.131 0.187 0.268 0.294
