
#################################################################
# Summary Statistics
#################################################################

DIC = 58.39472

                         Mean    SD  2.5%    5%   25%   50%   75%   95% 97.5%
Epsilon.1               2.719 1.091 1.135 1.332 1.947 2.538 3.273 4.798 5.360
Epsilon.2               0.064 0.022 0.033 0.036 0.048 0.059 0.074 0.106 0.121
p.Acari.Biofilm         0.039 0.040 0.002 0.004 0.015 0.029 0.051 0.111 0.140
p.Allomyia.Biofilm      0.030 0.038 0.001 0.002 0.008 0.018 0.038 0.104 0.138
p.Lednia.Biofilm        0.039 0.068 0.000 0.001 0.005 0.016 0.045 0.144 0.222
p.Megarcys.Biofilm      0.114 0.082 0.001 0.004 0.057 0.105 0.156 0.262 0.311
p.Midges.Biofilm        0.019 0.028 0.001 0.001 0.005 0.011 0.022 0.059 0.082
p.Simuliidae.Biofilm    0.045 0.062 0.001 0.002 0.009 0.023 0.055 0.158 0.223
p.Zapada.Biofilm        0.030 0.030 0.001 0.002 0.009 0.022 0.042 0.088 0.106
p.Acari.CPOM/Plant      0.185 0.070 0.078 0.091 0.135 0.176 0.224 0.313 0.350
p.Allomyia.CPOM/Plant   0.433 0.124 0.208 0.241 0.353 0.427 0.511 0.643 0.699
p.Lednia.CPOM/Plant     0.079 0.064 0.006 0.011 0.033 0.061 0.109 0.206 0.240
p.Megarcys.CPOM/Plant   0.180 0.065 0.060 0.076 0.136 0.177 0.222 0.291 0.315
p.Midges.CPOM/Plant     0.615 0.102 0.440 0.464 0.544 0.606 0.678 0.802 0.837
p.Simuliidae.CPOM/Plant 0.207 0.121 0.019 0.030 0.115 0.196 0.282 0.418 0.474
p.Zapada.CPOM/Plant     0.216 0.056 0.111 0.128 0.177 0.212 0.252 0.313 0.335
p.Acari.Hydrurus        0.776 0.080 0.589 0.628 0.732 0.785 0.831 0.884 0.899
p.Allomyia.Hydrurus     0.537 0.130 0.253 0.309 0.458 0.543 0.624 0.736 0.778
p.Lednia.Hydrurus       0.882 0.098 0.652 0.707 0.841 0.906 0.948 0.983 0.988
p.Megarcys.Hydrurus     0.705 0.104 0.478 0.530 0.647 0.710 0.773 0.865 0.891
p.Midges.Hydrurus       0.366 0.104 0.137 0.175 0.302 0.374 0.441 0.521 0.545
p.Simuliidae.Hydrurus   0.748 0.139 0.431 0.503 0.666 0.762 0.849 0.950 0.969
p.Zapada.Hydrurus       0.754 0.060 0.632 0.654 0.715 0.756 0.796 0.846 0.864
