
#################################################################
# Summary Statistics
#################################################################

DIC = 43.58646

                          Mean    SD  2.5%    5%   25%   50%   75%   95% 97.5%
Epsilon.1                0.272 0.133 0.068 0.090 0.180 0.257 0.341 0.510 0.567
Epsilon.2                0.133 0.064 0.031 0.043 0.089 0.124 0.169 0.246 0.288
p.Agathon.Biofilm        0.281 0.170 0.071 0.086 0.161 0.242 0.351 0.654 0.769
p.Allomyia.Biofilm       0.458 0.204 0.068 0.126 0.311 0.447 0.609 0.803 0.853
p.Lednia.Biofilm         0.529 0.148 0.251 0.297 0.432 0.523 0.627 0.777 0.827
p.Midges.Biofilm         0.131 0.183 0.007 0.011 0.036 0.075 0.141 0.667 0.845
p.Rhyacophila.Biofilm    0.230 0.220 0.009 0.017 0.070 0.161 0.310 0.769 0.903
p.Simuliidae.Biofilm     0.408 0.131 0.166 0.205 0.318 0.400 0.493 0.641 0.688
p.Agathon.CPOM/Plant     0.051 0.040 0.002 0.004 0.020 0.043 0.074 0.127 0.145
p.Allomyia.CPOM/Plant    0.047 0.045 0.001 0.002 0.012 0.033 0.068 0.140 0.166
p.Lednia.CPOM/Plant      0.087 0.067 0.001 0.003 0.029 0.078 0.135 0.211 0.234
p.Midges.CPOM/Plant      0.049 0.046 0.001 0.001 0.011 0.036 0.076 0.140 0.159
p.Rhyacophila.CPOM/Plant 0.017 0.018 0.001 0.001 0.005 0.011 0.023 0.053 0.065
p.Simuliidae.CPOM/Plant  0.084 0.057 0.001 0.003 0.036 0.079 0.124 0.184 0.204
p.Agathon.Hydrurus       0.668 0.176 0.179 0.291 0.587 0.705 0.792 0.883 0.901
p.Allomyia.Hydrurus      0.495 0.213 0.091 0.132 0.333 0.510 0.649 0.835 0.900
p.Lednia.Hydrurus        0.383 0.157 0.089 0.122 0.271 0.384 0.492 0.630 0.677
p.Midges.Hydrurus        0.820 0.192 0.074 0.240 0.794 0.868 0.926 0.974 0.983
p.Rhyacophila.Hydrurus   0.753 0.223 0.077 0.204 0.671 0.821 0.912 0.975 0.985
p.Simuliidae.Hydrurus    0.508 0.139 0.223 0.267 0.418 0.518 0.604 0.726 0.763
