
#################################################################
# Summary Statistics
#################################################################

DIC = 84.63736

                            Mean    SD  2.5%    5%   25%   50%   75%   95% 97.5%
Epsilon.1                  2.849 1.685 0.616 0.821 1.624 2.489 3.714 6.085 7.007
Epsilon.2                  0.251 0.140 0.085 0.096 0.146 0.215 0.315 0.522 0.612
p.Allomyia.Biofilm         0.012 0.012 0.000 0.001 0.004 0.009 0.017 0.034 0.043
p.Ameletidae.Biofilm       0.016 0.027 0.000 0.000 0.002 0.006 0.018 0.072 0.096
p.Baetidae.Biofilm         0.023 0.043 0.000 0.000 0.002 0.006 0.023 0.109 0.159
p.Drunella.Biofilm         0.028 0.047 0.000 0.000 0.003 0.009 0.031 0.121 0.175
p.Heptageniidae.Biofilm    0.019 0.030 0.000 0.000 0.002 0.008 0.022 0.079 0.110
p.Homophylax.Biofilm       0.031 0.057 0.000 0.000 0.002 0.008 0.031 0.148 0.212
p.Rithrogena.Biofilm       0.013 0.022 0.000 0.000 0.002 0.005 0.014 0.052 0.073
p.Tipula.Biofilm           0.015 0.020 0.000 0.000 0.002 0.007 0.019 0.054 0.072
p.Zapada.Biofilm           0.018 0.025 0.000 0.000 0.003 0.009 0.024 0.069 0.088
p.Allomyia.CPOM/Plant      0.268 0.084 0.104 0.121 0.208 0.274 0.330 0.397 0.420
p.Ameletidae.CPOM/Plant    0.144 0.079 0.022 0.033 0.084 0.133 0.193 0.287 0.324
p.Baetidae.CPOM/Plant      0.130 0.082 0.019 0.028 0.070 0.115 0.174 0.290 0.327
p.Drunella.CPOM/Plant      0.397 0.150 0.105 0.154 0.297 0.390 0.492 0.662 0.712
p.Heptageniidae.CPOM/Plant 0.221 0.080 0.064 0.088 0.169 0.221 0.273 0.353 0.385
p.Homophylax.CPOM/Plant    0.249 0.151 0.033 0.053 0.138 0.222 0.331 0.549 0.606
p.Rithrogena.CPOM/Plant    0.108 0.065 0.015 0.023 0.059 0.097 0.146 0.229 0.265
p.Tipula.CPOM/Plant        0.500 0.090 0.322 0.359 0.442 0.498 0.557 0.645 0.682
p.Zapada.CPOM/Plant        0.343 0.054 0.238 0.256 0.307 0.342 0.379 0.431 0.447
p.Allomyia.Hydrurus        0.719 0.084 0.565 0.591 0.659 0.712 0.780 0.864 0.883
p.Ameletidae.Hydrurus      0.840 0.083 0.655 0.694 0.788 0.849 0.903 0.959 0.971
p.Baetidae.Hydrurus        0.847 0.092 0.624 0.675 0.795 0.863 0.917 0.967 0.976
p.Drunella.Hydrurus        0.575 0.150 0.270 0.316 0.481 0.579 0.672 0.825 0.871
p.Heptageniidae.Hydrurus   0.759 0.082 0.595 0.625 0.705 0.761 0.812 0.895 0.919
p.Homophylax.Hydrurus      0.720 0.158 0.368 0.421 0.623 0.746 0.838 0.936 0.959
p.Rithrogena.Hydrurus      0.879 0.068 0.721 0.753 0.838 0.888 0.932 0.973 0.982
p.Tipula.Hydrurus          0.486 0.089 0.309 0.340 0.430 0.487 0.544 0.622 0.655
p.Zapada.Hydrurus          0.639 0.052 0.535 0.552 0.604 0.641 0.674 0.724 0.738
