
#################################################################
# Summary Statistics
#################################################################

DIC = 21.32497

                         Mean    SD  2.5%    5%   25%   50%   75%   95% 97.5%
Epsilon.1               0.161 0.096 0.053 0.062 0.099 0.138 0.196 0.333 0.417
Epsilon.2               0.068 0.171 0.013 0.015 0.024 0.035 0.054 0.151 0.332
p.Homophylax.Biofilm    0.246 0.059 0.139 0.158 0.207 0.243 0.282 0.346 0.370
p.Midges.Biofilm        0.307 0.099 0.111 0.150 0.244 0.304 0.364 0.477 0.523
p.Simuliidae.Biofilm    0.194 0.058 0.083 0.102 0.157 0.192 0.230 0.292 0.313
p.Homophylax.CPOM/Plant 0.754 0.059 0.630 0.654 0.718 0.757 0.793 0.842 0.861
p.Midges.CPOM/Plant     0.693 0.099 0.477 0.523 0.636 0.696 0.756 0.850 0.889
p.Simuliidae.CPOM/Plant 0.806 0.058 0.687 0.708 0.770 0.808 0.843 0.898 0.917
