
#################################################################
# Summary Statistics
#################################################################

DIC = 128.2315

                           Mean    SD  2.5%    5%   25%   50%   75%   95% 97.5%
Epsilon.1                 1.528 0.415 0.895 0.955 1.243 1.468 1.764 2.258 2.493
Epsilon.2                 0.107 0.049 0.025 0.034 0.071 0.105 0.138 0.192 0.216
p.Allomyia.Algae_slime    0.158 0.037 0.093 0.101 0.131 0.157 0.183 0.222 0.234
p.Baetidae.Algae_slime    0.294 0.040 0.216 0.230 0.268 0.295 0.322 0.358 0.371
p.Cinygmula.Algae_slime   0.159 0.035 0.088 0.101 0.136 0.159 0.183 0.215 0.225
p.Epeorus.Algae_slime     0.145 0.038 0.060 0.078 0.122 0.148 0.171 0.205 0.214
p.Megarcys.Algae_slime    0.304 0.058 0.187 0.210 0.268 0.305 0.342 0.397 0.415
p.Midges.Algae_slime      0.249 0.040 0.162 0.179 0.224 0.251 0.277 0.311 0.321
p.Rhyacophila.Algae_slime 0.151 0.078 0.018 0.030 0.091 0.150 0.206 0.282 0.305
p.Simuliidae.Algae_slime  0.203 0.035 0.133 0.145 0.180 0.203 0.227 0.259 0.269
p.Zapada.Algae_slime      0.270 0.030 0.210 0.221 0.251 0.271 0.289 0.317 0.326
p.Allomyia.Biofilm        0.481 0.136 0.204 0.248 0.386 0.487 0.579 0.693 0.724
p.Baetidae.Biofilm        0.504 0.104 0.272 0.319 0.441 0.515 0.581 0.653 0.674
p.Cinygmula.Biofilm       0.601 0.112 0.361 0.408 0.528 0.609 0.683 0.767 0.792
p.Epeorus.Biofilm         0.610 0.176 0.152 0.230 0.528 0.660 0.737 0.805 0.822
p.Megarcys.Biofilm        0.505 0.120 0.216 0.288 0.437 0.519 0.589 0.674 0.701
p.Midges.Biofilm          0.079 0.045 0.017 0.021 0.044 0.071 0.105 0.165 0.189
p.Rhyacophila.Biofilm     0.253 0.172 0.032 0.046 0.127 0.216 0.333 0.606 0.709
p.Simuliidae.Biofilm      0.526 0.104 0.316 0.351 0.457 0.531 0.598 0.691 0.716
p.Zapada.Biofilm          0.367 0.106 0.148 0.184 0.301 0.371 0.438 0.535 0.568
p.Allomyia.CPOM/Plant     0.361 0.145 0.114 0.141 0.254 0.349 0.459 0.616 0.658
p.Baetidae.CPOM/Plant     0.201 0.116 0.032 0.044 0.114 0.186 0.270 0.415 0.459
p.Cinygmula.CPOM/Plant    0.240 0.126 0.033 0.049 0.146 0.231 0.317 0.466 0.524
p.Epeorus.CPOM/Plant      0.245 0.199 0.021 0.032 0.097 0.183 0.339 0.675 0.765
p.Megarcys.CPOM/Plant     0.191 0.127 0.024 0.037 0.095 0.166 0.253 0.440 0.525
p.Midges.CPOM/Plant       0.672 0.065 0.533 0.559 0.632 0.677 0.716 0.772 0.791
p.Rhyacophila.CPOM/Plant  0.596 0.195 0.108 0.190 0.494 0.624 0.731 0.868 0.910
p.Simuliidae.CPOM/Plant   0.271 0.118 0.062 0.088 0.187 0.265 0.346 0.472 0.512
p.Zapada.CPOM/Plant       0.363 0.120 0.139 0.177 0.281 0.355 0.438 0.570 0.613
