
#################################################################
# Summary Statistics
#################################################################

DIC = 105.8553

                         Mean    SD  2.5%    5%   25%   50%   75%   95% 97.5%
Epsilon.1               0.529 0.247 0.173 0.212 0.361 0.487 0.656 0.980 1.094
Epsilon.2               0.422 0.226 0.132 0.156 0.271 0.375 0.519 0.840 0.959
p.Allomyia.Biofilm      0.685 0.114 0.462 0.495 0.608 0.686 0.767 0.868 0.894
p.Homophylax.Biofilm    0.812 0.133 0.467 0.566 0.748 0.839 0.909 0.968 0.979
p.Lednia.Biofilm        0.897 0.082 0.673 0.741 0.862 0.917 0.955 0.983 0.989
p.Midges.Biofilm        0.446 0.108 0.265 0.290 0.375 0.436 0.505 0.635 0.689
p.Tipula.Biofilm        0.401 0.257 0.063 0.084 0.193 0.333 0.578 0.910 0.951
p.Zapada.Biofilm        0.769 0.098 0.571 0.606 0.705 0.769 0.837 0.924 0.949
p.Allomyia.CPOM/Plant   0.109 0.081 0.005 0.010 0.047 0.094 0.154 0.263 0.310
p.Homophylax.CPOM/Plant 0.094 0.113 0.002 0.003 0.018 0.053 0.128 0.329 0.429
p.Lednia.CPOM/Plant     0.059 0.073 0.001 0.002 0.012 0.032 0.081 0.201 0.270
p.Midges.CPOM/Plant     0.084 0.064 0.002 0.005 0.031 0.071 0.125 0.206 0.234
p.Tipula.CPOM/Plant     0.280 0.215 0.002 0.005 0.065 0.276 0.446 0.643 0.700
p.Zapada.CPOM/Plant     0.096 0.084 0.002 0.004 0.027 0.075 0.144 0.256 0.298
p.Allomyia.Hydrurus     0.206 0.095 0.048 0.065 0.135 0.200 0.272 0.367 0.404
p.Homophylax.Hydrurus   0.094 0.072 0.007 0.012 0.037 0.076 0.135 0.233 0.275
p.Lednia.Hydrurus       0.044 0.035 0.004 0.006 0.019 0.036 0.060 0.110 0.129
p.Midges.Hydrurus       0.469 0.098 0.234 0.292 0.420 0.480 0.535 0.603 0.628
p.Tipula.Hydrurus       0.319 0.203 0.017 0.030 0.152 0.305 0.458 0.687 0.756
p.Zapada.Hydrurus       0.134 0.074 0.015 0.024 0.077 0.128 0.187 0.260 0.289
